39,479
39,478
39,472
39,471
39,470
39,469
39,468
39,467
39,466
39,465
39,464
39,463
39,461
39,460
39,459
39,458
39,457
39,456
39,455
39,454
39,453
39,452
39,451
39,450
39,449
39,362
39,361
39,360
39,359
39,358
39,357
39,356
39,355
39,354
39,353
39,352
39,351
39,350
39,349
39,348
39,347
39,346
39,345
39,344
39,343
39,342
39,341
39,340
39,339
39,338
39,337
39,336
39,335
39,334
39,333
39,332
39,331
39,330
39,329
39,328
39,327
39,326
39,325
39,324
39,323
39,322
39,321
39,320
39,318
39,317
39,316
39,315
39,314
39,313
39,312
39,311
39,310
39,309
39,308
39,307
39,306
39,305
39,304
39,303
39,302
39,301
39,300
39,299
39,298
39,126
39,116
39,114
39,113
39,112
39,111
39,110
39,109
39,108
39,107
39,106
39,105
39,104
39,103
39,102
39,99
39,98
39,97
39,96
39,95
39,94
39,93
39,92
39,91
39,90
39,89
39,88
39,87
39,86
39,85
39,81
39,80
39,79
39,78
39,77
39,76
39,75
39,14
39,13
39,12
39,11
39,5
39,1
39,4
38,197
38,196
38,195
18,1
38,194
18,3
14,1
14,10
38,193
38,1
38,192
38,165
38,164
38,163
38,162
38,161
